(
California:0.00041,
Texas:0.00098,
New:0.00000);
